ponto_id,lat,lon
0,-8.04342,-34.952
3,-8.04342,-34.952
8,-8.04342,-34.952
10,-8.04342,-34.952
12,-8.04342,-34.952
14,-8.04342,-34.952
17,-8.04342,-34.952
19,-8.04342,-34.952
23,-8.04342,-34.952
29,-8.04342,-34.952
30,-8.04342,-34.952
31,-8.04342,-34.952
33,-8.04342,-34.952
36,-8.04342,-34.952
37,-8.04342,-34.952
39,-8.04342,-34.952
41,-8.04342,-34.952
46,-8.04342,-34.952
47,-8.04342,-34.952
48,-8.04342,-34.952
50,-8.04342,-34.952
56,-8.04342,-34.952
58,-8.04342,-34.952
59,-8.04342,-34.952
61,-8.04342,-34.952
65,-8.04342,-34.952
68,-8.04342,-34.952
69,-8.04342,-34.952
70,-8.04342,-34.952
73,-8.04342,-34.952
76,-8.04342,-34.952
79,-8.04342,-34.952
80,-8.04342,-34.952
81,-8.04342,-34.952
87,-8.04342,-34.952
88,-8.04342,-34.952
91,-8.04342,-34.952
92,-8.04342,-34.952
93,-8.04342,-34.952
95,-8.04342,-34.952
96,-8.04342,-34.952
99,-8.04342,-34.952
100,-8.04342,-34.952
101,-8.04342,-34.952
102,-8.04342,-34.952
103,-8.04342,-34.952
104,-8.04342,-34.952
106,-8.04342,-34.952
107,-8.04342,-34.952
108,-8.04342,-34.952
111,-8.04342,-34.952
118,-8.04342,-34.952
119,-8.04342,-34.952
122,-8.04342,-34.952
131,-8.04342,-34.952
132,-8.04342,-34.952
135,-8.04342,-34.952
144,-8.04342,-34.952
149,-8.04342,-34.952
151,-8.04342,-34.952
157,-8.04342,-34.952
164,-8.04342,-34.952
167,-8.04342,-34.952
168,-8.04342,-34.952
169,-8.04342,-34.952
172,-8.04342,-34.952
176,-8.04342,-34.952
177,-8.04342,-34.952
179,-8.04342,-34.952
180,-8.04342,-34.952
181,-8.04342,-34.952
185,-8.04342,-34.952
196,-8.04342,-34.952
199,-8.04342,-34.952
209,-8.04342,-34.952
211,-8.04342,-34.952
212,-8.04342,-34.952
214,-8.04342,-34.952
217,-8.04342,-34.952
218,-8.04342,-34.952
221,-8.04342,-34.952
222,-8.04342,-34.952
229,-8.04342,-34.952
230,-8.04342,-34.952
233,-8.04342,-34.952
239,-8.04342,-34.952
245,-8.04342,-34.952
247,-8.04342,-34.952
248,-8.04342,-34.952
251,-8.04342,-34.952
252,-8.04342,-34.952
257,-8.04342,-34.952
263,-8.04342,-34.952
265,-8.04342,-34.952
267,-8.04342,-34.952
274,-8.04342,-34.952
286,-8.04342,-34.952
288,-8.04342,-34.952
291,-8.04342,-34.952
292,-8.04342,-34.952
300,-8.04342,-34.952
304,-8.04342,-34.952
308,-8.04342,-34.952
311,-8.04342,-34.952
315,-8.04342,-34.952
316,-8.04342,-34.952
318,-8.04342,-34.952
319,-8.04342,-34.952
321,-8.04342,-34.952
323,-8.04342,-34.952
328,-8.04342,-34.952
330,-8.04342,-34.952
332,-8.04342,-34.952
333,-8.04342,-34.952
334,-8.04342,-34.952
335,-8.04342,-34.952
337,-8.04342,-34.952
346,-8.04342,-34.952
349,-8.04342,-34.952
350,-8.04342,-34.952
353,-8.04342,-34.952
354,-8.04342,-34.952
360,-8.04342,-34.952
367,-8.04342,-34.952
379,-8.04342,-34.952
381,-8.04342,-34.952
385,-8.04342,-34.952
388,-8.04342,-34.952
393,-8.04342,-34.952
394,-8.04342,-34.952
400,-8.04342,-34.952
401,-8.04342,-34.952
402,-8.04342,-34.952
408,-8.04342,-34.952
409,-8.04342,-34.952
411,-8.04342,-34.952
415,-8.04342,-34.952
416,-8.04342,-34.952
427,-8.04342,-34.952
429,-8.04342,-34.952
433,-8.04342,-34.952
435,-8.04342,-34.952
439,-8.04342,-34.952
445,-8.04342,-34.952
447,-8.04342,-34.952
449,-8.04342,-34.952
453,-8.04342,-34.952
455,-8.04342,-34.952
457,-8.04342,-34.952
461,-8.04342,-34.952
462,-8.04342,-34.952
465,-8.04342,-34.952
468,-8.04342,-34.952
472,-8.04342,-34.952
473,-8.04342,-34.952
474,-8.04342,-34.952
476,-8.04342,-34.952
477,-8.04342,-34.952
483,-8.04342,-34.952
485,-8.04342,-34.952
486,-8.04342,-34.952
487,-8.04342,-34.952
495,-8.04342,-34.952
496,-8.04342,-34.952
500,-8.04342,-34.952
503,-8.04342,-34.952
509,-8.04342,-34.952
510,-8.04342,-34.952
511,-8.04342,-34.952
513,-8.04342,-34.952
518,-8.04342,-34.952
524,-8.04342,-34.952
528,-8.04342,-34.952
530,-8.04342,-34.952
532,-8.04342,-34.952
533,-8.04342,-34.952
538,-8.04342,-34.952
540,-8.04342,-34.952
543,-8.04342,-34.952
544,-8.04342,-34.952
550,-8.04342,-34.952
551,-8.04342,-34.952
554,-8.04342,-34.952
555,-8.04342,-34.952
563,-8.04342,-34.952
564,-8.04342,-34.952
567,-8.04342,-34.952
568,-8.04342,-34.952
576,-8.04342,-34.952
577,-8.04342,-34.952
582,-8.04342,-34.952
586,-8.04342,-34.952
590,-8.04342,-34.952
591,-8.04342,-34.952
592,-8.04342,-34.952
594,-8.04342,-34.952
601,-8.04342,-34.952
603,-8.04342,-34.952
604,-8.04342,-34.952
605,-8.04342,-34.952
611,-8.04342,-34.952
613,-8.04342,-34.952
617,-8.04342,-34.952
618,-8.04342,-34.952
620,-8.04342,-34.952
623,-8.04342,-34.952
624,-8.04342,-34.952
625,-8.04342,-34.952
633,-8.04342,-34.952
637,-8.04342,-34.952
641,-8.04342,-34.952
642,-8.04342,-34.952
647,-8.04342,-34.952
653,-8.04342,-34.952
654,-8.04342,-34.952
655,-8.04342,-34.952
664,-8.04342,-34.952
665,-8.04342,-34.952
668,-8.04342,-34.952
673,-8.04342,-34.952
675,-8.04342,-34.952
676,-8.04342,-34.952
678,-8.04342,-34.952
682,-8.04342,-34.952
683,-8.04342,-34.952
693,-8.04342,-34.952
694,-8.04342,-34.952
696,-8.04342,-34.952
700,-8.04342,-34.952
706,-8.04342,-34.952
708,-8.04342,-34.952
710,-8.04342,-34.952
711,-8.04342,-34.952
712,-8.04342,-34.952
713,-8.04342,-34.952
715,-8.04342,-34.952
718,-8.04342,-34.952
724,-8.04342,-34.952
730,-8.04342,-34.952
733,-8.04342,-34.952
736,-8.04342,-34.952
737,-8.04342,-34.952
738,-8.04342,-34.952
740,-8.04342,-34.952
742,-8.04342,-34.952
743,-8.04342,-34.952
744,-8.04342,-34.952
745,-8.04342,-34.952
747,-8.04342,-34.952
748,-8.04342,-34.952
749,-8.04342,-34.952
751,-8.04342,-34.952
753,-8.04342,-34.952
758,-8.04342,-34.952
759,-8.04342,-34.952
761,-8.04342,-34.952
763,-8.04342,-34.952
764,-8.04342,-34.952
765,-8.04342,-34.952
766,-8.04342,-34.952
773,-8.04342,-34.952
774,-8.04342,-34.952
782,-8.04342,-34.952
786,-8.04342,-34.952
789,-8.04342,-34.952
794,-8.04342,-34.952
795,-8.04342,-34.952
799,-8.04342,-34.952
800,-8.05532,-34.9579
809,-8.05532,-34.9579
810,-8.05532,-34.9579
811,-8.05532,-34.9579
815,-8.05532,-34.9579
828,-8.05532,-34.9579
831,-8.05532,-34.9579
833,-8.05532,-34.9579
834,-8.05532,-34.9579
835,-8.05532,-34.9579
837,-8.05532,-34.9579
841,-8.05532,-34.9579
852,-8.05532,-34.9579
856,-8.05532,-34.9579
858,-8.05532,-34.9579
862,-8.05532,-34.9579
866,-8.05532,-34.9579
868,-8.05532,-34.9579
871,-8.05532,-34.9579
872,-8.05532,-34.9579
877,-8.05532,-34.9579
879,-8.05532,-34.9579
881,-8.05532,-34.9579
883,-8.05532,-34.9579
906,-8.05532,-34.9579
908,-8.05532,-34.9579
914,-8.05532,-34.9579
921,-8.05532,-34.9579
927,-8.05532,-34.9579
932,-8.05532,-34.9579
934,-8.05532,-34.9579
940,-8.05532,-34.9579
947,-8.05532,-34.9579
952,-8.05532,-34.9579
957,-8.05532,-34.9579
958,-8.05532,-34.9579
960,-8.05532,-34.9579
964,-8.05532,-34.9579
965,-8.05532,-34.9579
967,-8.05532,-34.9579
970,-8.05532,-34.9579
971,-8.05532,-34.9579
982,-8.05532,-34.9579
994,-8.05532,-34.9579
996,-8.05532,-34.9579
997,-8.05532,-34.9579
1002,-8.05532,-34.9579
1005,-8.05532,-34.9579
1009,-8.05532,-34.9579
1010,-8.05532,-34.9579
1017,-8.05532,-34.9579
1018,-8.05532,-34.9579
1020,-8.05532,-34.9579
1022,-8.05532,-34.9579
1025,-8.05532,-34.9579
1027,-8.05532,-34.9579
1034,-8.05532,-34.9579
1038,-8.05532,-34.9579
1042,-8.05532,-34.9579
1044,-8.05532,-34.9579
1046,-8.05532,-34.9579
1052,-8.05532,-34.9579
1053,-8.05532,-34.9579
1055,-8.05532,-34.9579
1056,-8.05532,-34.9579
1057,-8.05532,-34.9579
1061,-8.05532,-34.9579
1068,-8.05532,-34.9579
1071,-8.05532,-34.9579
1074,-8.05532,-34.9579
1075,-8.05532,-34.9579
1076,-8.05532,-34.9579
1078,-8.05532,-34.9579
1084,-8.05532,-34.9579
1087,-8.05532,-34.9579
1090,-8.05532,-34.9579
1095,-8.05532,-34.9579
1101,-8.05532,-34.9579
1103,-8.05532,-34.9579
1107,-8.05532,-34.9579
1108,-8.05532,-34.9579
1111,-8.05532,-34.9579
1112,-8.05532,-34.9579
1115,-8.05532,-34.9579
1123,-8.05532,-34.9579
1126,-8.05532,-34.9579
1127,-8.05532,-34.9579
1139,-8.05532,-34.9579
1142,-8.05532,-34.9579
1144,-8.05532,-34.9579
1145,-8.05532,-34.9579
1147,-8.05532,-34.9579
1149,-8.05532,-34.9579
1152,-8.05532,-34.9579
1153,-8.05532,-34.9579
1155,-8.05532,-34.9579
1156,-8.05532,-34.9579
1157,-8.05532,-34.9579
1162,-8.05532,-34.9579
1163,-8.05532,-34.9579
1166,-8.05532,-34.9579
1168,-8.05532,-34.9579
1172,-8.05532,-34.9579
1175,-8.05532,-34.9579
1176,-8.05532,-34.9579
1180,-8.05532,-34.9579
1183,-8.05532,-34.9579
1188,-8.05532,-34.9579
1193,-8.05532,-34.9579
1194,-8.05532,-34.9579
1195,-8.05532,-34.9579
1197,-8.05532,-34.9579
1199,-8.05532,-34.9579
1201,-8.05532,-34.9579
1204,-8.05532,-34.9579
1210,-8.05532,-34.9579
1217,-8.05532,-34.9579
1219,-8.05532,-34.9579
1220,-8.05532,-34.9579
1222,-8.05532,-34.9579
1224,-8.05532,-34.9579
1226,-8.05532,-34.9579
1233,-8.05532,-34.9579
1244,-8.05532,-34.9579
1245,-8.05532,-34.9579
1247,-8.05532,-34.9579
1250,-8.05532,-34.9579
1253,-8.05532,-34.9579
1254,-8.05532,-34.9579
1261,-8.05532,-34.9579
1263,-8.05532,-34.9579
1277,-8.05532,-34.9579
1278,-8.05532,-34.9579
1281,-8.05532,-34.9579
1282,-8.05532,-34.9579
1285,-8.05532,-34.9579
1287,-8.05532,-34.9579
1295,-8.05532,-34.9579
1297,-8.05532,-34.9579
1298,-8.05532,-34.9579
1310,-8.05532,-34.9579
1313,-8.05532,-34.9579
1314,-8.05532,-34.9579
1315,-8.05532,-34.9579
1318,-8.05532,-34.9579
1320,-8.05532,-34.9579
1322,-8.05532,-34.9579
1323,-8.05532,-34.9579
1328,-8.05532,-34.9579
1329,-8.05532,-34.9579
1330,-8.05532,-34.9579
1334,-8.05532,-34.9579
1339,-8.05532,-34.9579
1345,-8.05532,-34.9579
1346,-8.05532,-34.9579
1349,-8.05532,-34.9579
1354,-8.05532,-34.9579
1355,-8.05532,-34.9579
1359,-8.05532,-34.9579
1360,-8.05532,-34.9579
1369,-8.05532,-34.9579
1372,-8.05532,-34.9579
1373,-8.05532,-34.9579
1374,-8.05532,-34.9579
1379,-8.05532,-34.9579
1383,-8.05532,-34.9579
1385,-8.05532,-34.9579
1393,-8.05532,-34.9579
1396,-8.05532,-34.9579
1400,-8.05532,-34.9579
1402,-8.05532,-34.9579
1405,-8.05532,-34.9579
1406,-8.05532,-34.9579
1413,-8.05532,-34.9579
1414,-8.05532,-34.9579
1416,-8.05532,-34.9579
1417,-8.05532,-34.9579
1418,-8.05532,-34.9579
1420,-8.05532,-34.9579
1421,-8.05532,-34.9579
1426,-8.05532,-34.9579
1427,-8.05532,-34.9579
1429,-8.05532,-34.9579
1430,-8.05532,-34.9579
1432,-8.05532,-34.9579
1437,-8.05532,-34.9579
1438,-8.05532,-34.9579
1443,-8.05532,-34.9579
1446,-8.05532,-34.9579
1452,-8.05532,-34.9579
1453,-8.05532,-34.9579
1456,-8.05532,-34.9579
1458,-8.05532,-34.9579
1465,-8.05532,-34.9579
1467,-8.05532,-34.9579
1468,-8.05532,-34.9579
1470,-8.05532,-34.9579
1472,-8.05532,-34.9579
1477,-8.05532,-34.9579
1479,-8.05532,-34.9579
1480,-8.05532,-34.9579
1482,-8.05532,-34.9579
1483,-8.05532,-34.9579
1488,-8.05532,-34.9579
1491,-8.05532,-34.9579
1496,-8.05532,-34.9579
1501,-8.05532,-34.9579
1502,-8.05532,-34.9579
1509,-8.05532,-34.9579
1512,-8.05532,-34.9579
1513,-8.05532,-34.9579
1516,-8.05532,-34.9579
1527,-8.05532,-34.9579
1530,-8.05532,-34.9579
1532,-8.05532,-34.9579
1533,-8.05532,-34.9579
1535,-8.05532,-34.9579
1536,-8.05532,-34.9579
1543,-8.05532,-34.9579
1544,-8.05532,-34.9579
1545,-8.05532,-34.9579
1550,-8.05532,-34.9579
1557,-8.05532,-34.9579
1558,-8.05532,-34.9579
1559,-8.05532,-34.9579
1561,-8.05532,-34.9579
1562,-8.05532,-34.9579
1568,-8.05532,-34.9579
1569,-8.05532,-34.9579
1570,-8.05532,-34.9579
1575,-8.05532,-34.9579
1576,-8.05532,-34.9579
1578,-8.05532,-34.9579
1586,-8.05532,-34.9579
1593,-8.05532,-34.9579
1595,-8.05532,-34.9579
1597,-8.05532,-34.9579
1598,-8.05532,-34.9579
1599,-8.05532,-34.9579
1603,-8.05532,-34.9579
1606,-8.05532,-34.9579
1608,-8.05532,-34.9579
1614,-8.05532,-34.9579
1615,-8.05532,-34.9579
1616,-8.05532,-34.9579
1617,-8.05532,-34.9579
1618,-8.05532,-34.9579
1623,-8.05532,-34.9579
1626,-8.05532,-34.9579
1631,-8.05532,-34.9579
1642,-8.05532,-34.9579
1643,-8.05532,-34.9579
1649,-8.05532,-34.9579
1650,-8.05532,-34.9579
1656,-8.05532,-34.9579
1659,-8.05532,-34.9579
1662,-8.05532,-34.9579
1665,-8.05532,-34.9579
1670,-8.05532,-34.9579
1671,-8.05532,-34.9579
1672,-8.05532,-34.9579
1680,-8.05532,-34.9579
1683,-8.05532,-34.9579
1684,-8.05532,-34.9579
1688,-8.05532,-34.9579
1691,-8.05532,-34.9579
1699,-8.05532,-34.9579
1701,-8.05532,-34.9579
1713,-8.05532,-34.9579
1718,-8.05532,-34.9579
1720,-8.05532,-34.9579
1721,-8.05532,-34.9579
1726,-8.05532,-34.9579
1728,-8.05532,-34.9579
1729,-8.05532,-34.9579
1730,-8.05532,-34.9579
1731,-8.05532,-34.9579
1732,-8.05532,-34.9579
1737,-8.05532,-34.9579
1738,-8.05532,-34.9579
1739,-8.05532,-34.9579
1740,-8.05532,-34.9579
1741,-8.05532,-34.9579
1743,-8.05532,-34.9579
1744,-8.05532,-34.9579
1745,-8.05532,-34.9579
1746,-8.05532,-34.9579
1747,-8.05532,-34.9579
1758,-8.05532,-34.9579
1760,-8.05532,-34.9579
1765,-8.05532,-34.9579
1768,-8.05532,-34.9579
1770,-8.05532,-34.9579
1775,-8.05532,-34.9579
1777,-8.05532,-34.9579
1780,-8.05532,-34.9579
1783,-8.05532,-34.9579
1785,-8.05532,-34.9579
1790,-8.05532,-34.9579
1791,-8.05532,-34.9579
1793,-8.05532,-34.9579
1794,-8.05532,-34.9579
1803,-8.05532,-34.9579
1805,-8.05532,-34.9579
1807,-8.05532,-34.9579
1817,-8.05532,-34.9579
1825,-8.05532,-34.9579
1832,-8.05532,-34.9579
1833,-8.05532,-34.9579
1835,-8.05532,-34.9579
1839,-8.05532,-34.9579
1840,-8.05532,-34.9579
1844,-8.05532,-34.9579
1851,-8.05532,-34.9579
1860,-8.05532,-34.9579
1862,-8.05532,-34.9579
1864,-8.05532,-34.9579
1877,-8.05532,-34.9579
1880,-8.05532,-34.9579
1888,-8.05532,-34.9579
1891,-8.05532,-34.9579
1897,-8.05532,-34.9579
1915,-8.05532,-34.9579
1918,-8.05532,-34.9579
1919,-8.05532,-34.9579
1921,-8.05532,-34.9579
1922,-8.05532,-34.9579
1928,-8.05532,-34.9579
1934,-8.05532,-34.9579
1937,-8.05532,-34.9579
1941,-8.05532,-34.9579
1945,-8.05532,-34.9579
1952,-8.05532,-34.9579
1954,-8.05532,-34.9579
1957,-8.05532,-34.9579
1962,-8.05532,-34.9579
1963,-8.05532,-34.9579
1965,-8.05532,-34.9579
1971,-8.05532,-34.9579
1978,-8.05532,-34.9579
1981,-8.05532,-34.9579
1982,-8.05532,-34.9579
1989,-8.05532,-34.9579
1992,-8.05532,-34.9579
1995,-8.05532,-34.9579
2002,-8.05532,-34.9579
2004,-8.05532,-34.9579
2006,-8.05532,-34.9579
2008,-8.05532,-34.9579
2012,-8.05532,-34.9579
2013,-8.05532,-34.9579
2018,-8.05532,-34.9579
2022,-8.05532,-34.9579
2025,-8.05532,-34.9579
2029,-8.05532,-34.9579
2034,-8.05532,-34.9579
2036,-8.05532,-34.9579
2045,-8.05532,-34.9579
2055,-8.05532,-34.9579
2057,-8.05532,-34.9579
2058,-8.05532,-34.9579
2063,-8.05532,-34.9579
2067,-8.05532,-34.9579
2072,-8.05532,-34.9579
2075,-8.05532,-34.9579
2083,-8.05532,-34.9579
2084,-8.05532,-34.9579
2087,-8.05532,-34.9579
2088,-8.05532,-34.9579
2089,-8.05532,-34.9579
2094,-8.05532,-34.9579
2098,-8.05532,-34.9579
2107,-8.05532,-34.9579
2108,-8.05532,-34.9579
2109,-8.05532,-34.9579
2110,-8.05532,-34.9579
2111,-8.05532,-34.9579
2114,-8.05532,-34.9579
2115,-8.05532,-34.9579
2121,-8.05532,-34.9579
2122,-8.05532,-34.9579
2124,-8.05532,-34.9579
2127,-8.05532,-34.9579
2128,-8.05532,-34.9579
2129,-8.05532,-34.9579
2131,-8.05532,-34.9579
2132,-8.05532,-34.9579
2133,-8.05532,-34.9579
2134,-8.05532,-34.9579
2138,-8.05532,-34.9579
2142,-8.05532,-34.9579
2145,-8.05532,-34.9579
2149,-8.05532,-34.9579
2150,-8.05532,-34.9579
2152,-8.05532,-34.9579
2154,-8.05532,-34.9579
2157,-8.05532,-34.9579
2164,-8.05532,-34.9579
2165,-8.05532,-34.9579
2166,-8.05532,-34.9579
2167,-8.05532,-34.9579
2168,-8.05532,-34.9579
2175,-8.05532,-34.9579
2177,-8.05532,-34.9579
2183,-8.05532,-34.9579
2189,-8.05532,-34.9579
2191,-8.05532,-34.9579
2199,-8.05532,-34.9579
2210,-8.05532,-34.9579
2213,-8.05532,-34.9579
2214,-8.05532,-34.9579
2215,-8.05532,-34.9579
2221,-8.05532,-34.9579
2223,-8.05532,-34.9579
2225,-8.05532,-34.9579
2227,-8.05532,-34.9579
2228,-8.05532,-34.9579
2231,-8.05532,-34.9579
2232,-8.05532,-34.9579
2233,-8.05532,-34.9579
2234,-8.05532,-34.9579
2239,-8.05532,-34.9579
2245,-8.05532,-34.9579
2246,-8.05532,-34.9579
2248,-8.05532,-34.9579
2249,-8.05532,-34.9579
2251,-8.05532,-34.9579
2252,-8.05532,-34.9579
2254,-8.05532,-34.9579
2260,-8.05532,-34.9579
2268,-8.05532,-34.9579
2270,-8.05532,-34.9579
2272,-8.05532,-34.9579
2273,-8.05532,-34.9579
2275,-8.05532,-34.9579
2276,-8.05532,-34.9579
2286,-8.05532,-34.9579
2287,-8.05532,-34.9579
2288,-8.05532,-34.9579
2291,-8.05532,-34.9579
2299,-8.05532,-34.9579
2301,-8.05532,-34.9579
2302,-8.05532,-34.9579
2303,-8.05532,-34.9579
2304,-8.05532,-34.9579
2310,-8.05532,-34.9579
2312,-8.05532,-34.9579
2316,-8.05532,-34.9579
2319,-8.05532,-34.9579
2321,-8.05532,-34.9579
2328,-8.05532,-34.9579
2335,-8.05532,-34.9579
2337,-8.05532,-34.9579
2344,-8.05532,-34.9579
2348,-8.05532,-34.9579
2351,-8.05532,-34.9579
2354,-8.05532,-34.9579
2358,-8.05532,-34.9579
2362,-8.04342,-34.952
2373,-8.04342,-34.952
2375,-8.04342,-34.952
2377,-8.04342,-34.952
2388,-8.04342,-34.952
2389,-8.04342,-34.952
2392,-8.04342,-34.952
2399,-8.04342,-34.952
2404,-8.04342,-34.952
2407,-8.04342,-34.952
2412,-8.04342,-34.952
2413,-8.04342,-34.952
2417,-8.04342,-34.952
2420,-8.04342,-34.952
2423,-8.04342,-34.952
2436,-8.04342,-34.952
2439,-8.04342,-34.952
2441,-8.04342,-34.952
2446,-8.04342,-34.952
2447,-8.04342,-34.952
2453,-8.04342,-34.952
2455,-8.04342,-34.952
2456,-8.04342,-34.952
2458,-8.04342,-34.952
2464,-8.04342,-34.952
2465,-8.04342,-34.952
2470,-8.04342,-34.952
2471,-8.04342,-34.952
2473,-8.04342,-34.952
2478,-8.04342,-34.952
2483,-8.04342,-34.952
2484,-8.04342,-34.952
2485,-8.04342,-34.952
2492,-8.04342,-34.952
2498,-8.04342,-34.952
2510,-8.04342,-34.952
2513,-8.04342,-34.952
2515,-8.04342,-34.952
2516,-8.04342,-34.952
2517,-8.04342,-34.952
2519,-8.04342,-34.952
2522,-8.04342,-34.952
2523,-8.04342,-34.952
2526,-8.04342,-34.952
2531,-8.04342,-34.952
2533,-8.04342,-34.952
2534,-8.04342,-34.952
2540,-8.04342,-34.952
2542,-8.04342,-34.952
2543,-8.04342,-34.952
2554,-8.04342,-34.952
2569,-8.04342,-34.952
2571,-8.04342,-34.952
2574,-8.04342,-34.952
2576,-8.04342,-34.952
2586,-8.04342,-34.952
2588,-8.04342,-34.952
2592,-8.04342,-34.952
2602,-8.04342,-34.952
2603,-8.04342,-34.952
2605,-8.04342,-34.952
2609,-8.04342,-34.952
2611,-8.04342,-34.952
2614,-8.04342,-34.952
2615,-8.04342,-34.952
2619,-8.04342,-34.952
2620,-8.04342,-34.952
2627,-8.04342,-34.952
2628,-8.04342,-34.952
2638,-8.04342,-34.952
2648,-8.04342,-34.952
2650,-8.04342,-34.952
2651,-8.04342,-34.952
2663,-8.04342,-34.952
2664,-8.04342,-34.952
2673,-8.04342,-34.952
2678,-8.04342,-34.952
2680,-8.04342,-34.952
2682,-8.04342,-34.952
2683,-8.04342,-34.952
2684,-8.04342,-34.952
2685,-8.04342,-34.952
2688,-8.04342,-34.952
2689,-8.04342,-34.952
2691,-8.04342,-34.952
2692,-8.04342,-34.952
2697,-8.04342,-34.952
2698,-8.04342,-34.952
2701,-8.04342,-34.952
2707,-8.04342,-34.952
2715,-8.04342,-34.952
2718,-8.04342,-34.952
2724,-8.04342,-34.952
2726,-8.04342,-34.952
2729,-8.04342,-34.952
2737,-8.04342,-34.952
2742,-8.04342,-34.952
2748,-8.04342,-34.952
2750,-8.04342,-34.952
2751,-8.04342,-34.952
2753,-8.04342,-34.952
2754,-8.04342,-34.952
2755,-8.04342,-34.952
2758,-8.04342,-34.952
2759,-8.04342,-34.952
2760,-8.04342,-34.952
2762,-8.04342,-34.952
2766,-8.04342,-34.952
2769,-8.04342,-34.952
2770,-8.04342,-34.952
2771,-8.04342,-34.952
2777,-8.04342,-34.952
2794,-8.04342,-34.952
2802,-8.04342,-34.952
2807,-8.04342,-34.952
2816,-8.04342,-34.952
2818,-8.04342,-34.952
2820,-8.04342,-34.952
2825,-8.04342,-34.952
2826,-8.04342,-34.952
2833,-8.04342,-34.952
2835,-8.04342,-34.952
2840,-8.04342,-34.952
2846,-8.04342,-34.952
2848,-8.04342,-34.952
2855,-8.04342,-34.952
2858,-8.04342,-34.952
2859,-8.04342,-34.952
2862,-8.04342,-34.952
2864,-8.04342,-34.952
2865,-8.04342,-34.952
2867,-8.04342,-34.952
2868,-8.04342,-34.952
2870,-8.04342,-34.952
2874,-8.04342,-34.952
2876,-8.04342,-34.952
2880,-8.04342,-34.952
2882,-8.04342,-34.952
2883,-8.04342,-34.952
2884,-8.04342,-34.952
2885,-8.04342,-34.952
2886,-8.04342,-34.952
2894,-8.04342,-34.952
2903,-8.04342,-34.952
2905,-8.04342,-34.952
2906,-8.04342,-34.952
2907,-8.04342,-34.952
2908,-8.04342,-34.952
2910,-8.04342,-34.952
2913,-8.04342,-34.952
2922,-8.04342,-34.952
2926,-8.04342,-34.952
2927,-8.04342,-34.952
2930,-8.04342,-34.952
2932,-8.04342,-34.952
2935,-8.04342,-34.952
2943,-8.04342,-34.952
2945,-8.04342,-34.952
2948,-8.04342,-34.952
2954,-8.04342,-34.952
2955,-8.04342,-34.952
2956,-8.04342,-34.952
2957,-8.04342,-34.952
2960,-8.04342,-34.952
2963,-8.04342,-34.952
2968,-8.04342,-34.952
2970,-8.04342,-34.952
2973,-8.04342,-34.952
2982,-8.04342,-34.952
2991,-8.04342,-34.952
2995,-8.04342,-34.952
2997,-8.04342,-34.952
3000,-8.04342,-34.952
3001,-8.04342,-34.952
3002,-8.04342,-34.952
3006,-8.04342,-34.952
3007,-8.04342,-34.952
3011,-8.04342,-34.952
3014,-8.04342,-34.952
3016,-8.04342,-34.952
3017,-8.04342,-34.952
3018,-8.04342,-34.952
3019,-8.04342,-34.952
3021,-8.04342,-34.952
3023,-8.04342,-34.952
3024,-8.04342,-34.952
3025,-8.04342,-34.952
3026,-8.04342,-34.952
3027,-8.04342,-34.952
3031,-8.04342,-34.952
3032,-8.04342,-34.952
3033,-8.04342,-34.952
3035,-8.04342,-34.952
3037,-8.04342,-34.952
3038,-8.04342,-34.952
3043,-8.04342,-34.952
3044,-8.04342,-34.952
3045,-8.04342,-34.952
3047,-8.04342,-34.952
3050,-8.04342,-34.952
3053,-8.04342,-34.952
3055,-8.04342,-34.952
3057,-8.04342,-34.952
3058,-8.04342,-34.952
3059,-8.04342,-34.952
3060,-8.04342,-34.952
3063,-8.04342,-34.952
3064,-8.04342,-34.952
3065,-8.04342,-34.952
3070,-8.04342,-34.952
3071,-8.04342,-34.952
3077,-8.04342,-34.952
3078,-8.04342,-34.952
3079,-8.04342,-34.952
3080,-8.04342,-34.952
3082,-8.04342,-34.952
3085,-8.04342,-34.952
3090,-8.04342,-34.952
3091,-8.04342,-34.952
3094,-8.04342,-34.952
3095,-8.04342,-34.952
3100,-8.04342,-34.952
3101,-8.04342,-34.952
3105,-8.04342,-34.952
3107,-8.04342,-34.952
3111,-8.04342,-34.952
3114,-8.04342,-34.952
3118,-8.04342,-34.952
3122,-8.04342,-34.952
3123,-8.04342,-34.952
3125,-8.04342,-34.952
3127,-8.04342,-34.952
3128,-8.04342,-34.952
3130,-8.04342,-34.952
3131,-8.04342,-34.952
3133,-8.04342,-34.952
3142,-8.04342,-34.952
3143,-8.04342,-34.952
3145,-8.04342,-34.952
3146,-8.04342,-34.952
3149,-8.04342,-34.952
3151,-8.04342,-34.952
3153,-8.04342,-34.952
3154,-8.04342,-34.952
3165,-8.04342,-34.952
3172,-8.04342,-34.952
3181,-8.04342,-34.952
3184,-8.04342,-34.952
3185,-8.04342,-34.952
3187,-8.04342,-34.952
3194,-8.04342,-34.952
3202,-8.04342,-34.952
3204,-8.04342,-34.952
3205,-8.04342,-34.952
3206,-8.04342,-34.952
3207,-8.04342,-34.952
3208,-8.04342,-34.952
3209,-8.04342,-34.952
3210,-8.04342,-34.952
3231,-8.04342,-34.952
3233,-8.04342,-34.952
3238,-8.04342,-34.952
3244,-8.04342,-34.952
3245,-8.04342,-34.952
3251,-8.04342,-34.952
3257,-8.04342,-34.952
3263,-8.04342,-34.952
3265,-8.04342,-34.952
3269,-8.04342,-34.952
3279,-8.04342,-34.952
3281,-8.04342,-34.952
3282,-8.04342,-34.952
3283,-8.04342,-34.952
3284,-8.04342,-34.952
3290,-8.04342,-34.952
3295,-8.04342,-34.952
3297,-8.04342,-34.952
3298,-8.04342,-34.952
3299,-8.04342,-34.952
3305,-8.04342,-34.952
3307,-8.04342,-34.952
3309,-8.04342,-34.952
3312,-8.04342,-34.952
3314,-8.04342,-34.952
3316,-8.04342,-34.952
3319,-8.04342,-34.952
3320,-8.04342,-34.952
3325,-8.04342,-34.952
3328,-8.04342,-34.952
3329,-8.04342,-34.952
3333,-8.04342,-34.952
3334,-8.04342,-34.952
3337,-8.04342,-34.952
3344,-8.04342,-34.952
3350,-8.04342,-34.952
3353,-8.04342,-34.952
3355,-8.04342,-34.952
3375,-8.04342,-34.952
3378,-8.04342,-34.952
3379,-8.04342,-34.952
3381,-8.04342,-34.952
3383,-8.04342,-34.952
3387,-8.04342,-34.952
3392,-8.04342,-34.952
3393,-8.04342,-34.952
3396,-8.04342,-34.952
3400,-8.04342,-34.952
3401,-8.04342,-34.952
3405,-8.04342,-34.952
3410,-8.04342,-34.952
3412,-8.04342,-34.952
3413,-8.04342,-34.952
3418,-8.04342,-34.952
3422,-8.04342,-34.952
3424,-8.04342,-34.952
3428,-8.04342,-34.952
3433,-8.04342,-34.952
3434,-8.04342,-34.952
3437,-8.04342,-34.952
3438,-8.04342,-34.952
3443,-8.04342,-34.952
3448,-8.04342,-34.952
3455,-8.04342,-34.952
3457,-8.04342,-34.952
3458,-8.04342,-34.952
3459,-8.04342,-34.952
3460,-8.04342,-34.952
3463,-8.04342,-34.952
3464,-8.04342,-34.952
3465,-8.04342,-34.952
3467,-8.04342,-34.952
3469,-8.04342,-34.952
3470,-8.04342,-34.952
3473,-8.04342,-34.952
3481,-8.04342,-34.952
3482,-8.04342,-34.952
3495,-8.04342,-34.952
3497,-8.04342,-34.952
3501,-8.04342,-34.952
3502,-8.04342,-34.952
3509,-8.04342,-34.952
3518,-8.04342,-34.952
3526,-8.04342,-34.952
3527,-8.04342,-34.952
3528,-8.04342,-34.952
3529,-8.04342,-34.952
3532,-8.04342,-34.952
3533,-8.04342,-34.952
3534,-8.04342,-34.952
3535,-8.04342,-34.952
3538,-8.04342,-34.952
3541,-8.04342,-34.952
3542,-8.04342,-34.952
3543,-8.04342,-34.952
3548,-8.04342,-34.952
3550,-8.04342,-34.952
3555,-8.04342,-34.952
3566,-8.04342,-34.952
3570,-8.04342,-34.952
3574,-8.04342,-34.952
3577,-8.04342,-34.952
3578,-8.04342,-34.952
3582,-8.04342,-34.952
3592,-8.04342,-34.952
3593,-8.04342,-34.952
3597,-8.04342,-34.952
3601,-8.04342,-34.952
3605,-8.04342,-34.952
3608,-8.04342,-34.952
3609,-8.04342,-34.952
3614,-8.04342,-34.952
3615,-8.04342,-34.952
3617,-8.04342,-34.952
3621,-8.04342,-34.952
3624,-8.04342,-34.952
3625,-8.04342,-34.952
3639,-8.04342,-34.952
3643,-8.04342,-34.952
3647,-8.04342,-34.952
3649,-8.04342,-34.952
3651,-8.04342,-34.952
3653,-8.04342,-34.952
3656,-8.04342,-34.952
3661,-8.04342,-34.952
3662,-8.04342,-34.952
3666,-8.04342,-34.952
3677,-8.04342,-34.952
3685,-8.04342,-34.952
3686,-8.04342,-34.952
3688,-8.04342,-34.952
3689,-8.04342,-34.952
3692,-8.04342,-34.952
3693,-8.04342,-34.952
3698,-8.04342,-34.952
3703,-8.04342,-34.952
3704,-8.04342,-34.952
3706,-8.04342,-34.952
3707,-8.04342,-34.952
3708,-8.04342,-34.952
3710,-8.04342,-34.952
3717,-8.04342,-34.952
3720,-8.04342,-34.952
3721,-8.04342,-34.952
3723,-8.04342,-34.952
3739,-8.04342,-34.952
3742,-8.04342,-34.952
3745,-8.04342,-34.952
3746,-8.04342,-34.952
3749,-8.04342,-34.952
3753,-8.04342,-34.952
3755,-8.04342,-34.952
3767,-8.04342,-34.952
3768,-8.04342,-34.952
3771,-8.04342,-34.952
3772,-8.04342,-34.952
3773,-8.04342,-34.952
3774,-8.04342,-34.952
3776,-8.04342,-34.952
3777,-8.04342,-34.952
3780,-8.04342,-34.952
3781,-8.04342,-34.952
3782,-8.04342,-34.952
3784,-8.04342,-34.952
3787,-8.04342,-34.952
3794,-8.04342,-34.952
3799,-8.04342,-34.952
3803,-8.04342,-34.952
3817,-8.04342,-34.952
3819,-8.04342,-34.952
3820,-8.04342,-34.952
3826,-8.04342,-34.952
3827,-8.04342,-34.952
3834,-8.04342,-34.952
3837,-8.04342,-34.952
3838,-8.04342,-34.952
3842,-8.04342,-34.952
3846,-8.04342,-34.952
3852,-8.04342,-34.952
3853,-8.04342,-34.952
3855,-8.04342,-34.952
3857,-8.04342,-34.952
3859,-8.04342,-34.952
3860,-8.04342,-34.952
3862,-8.04342,-34.952
3869,-8.04342,-34.952
3880,-8.04342,-34.952
3885,-8.04342,-34.952
3887,-8.04342,-34.952
3889,-8.04342,-34.952
3891,-8.04342,-34.952
3894,-8.04342,-34.952
3898,-8.04342,-34.952
3902,-8.04342,-34.952
3903,-8.04342,-34.952
3905,-8.04342,-34.952
3909,-8.04342,-34.952
3910,-8.04342,-34.952
3914,-8.04342,-34.952
3934,-8.04342,-34.952
3937,-8.04342,-34.952
3941,-8.04342,-34.952
3942,-8.04342,-34.952
3945,-8.04342,-34.952
3946,-8.04342,-34.952
3949,-8.04342,-34.952
3956,-8.04342,-34.952
3960,-8.04342,-34.952
3963,-8.04342,-34.952
3964,-8.04342,-34.952
3971,-8.04342,-34.952
3973,-8.04342,-34.952
3979,-8.04342,-34.952
3984,-8.04342,-34.952
3989,-8.04342,-34.952
3992,-8.04342,-34.952
3994,-8.04342,-34.952
3995,-8.04342,-34.952
3997,-8.04342,-34.952
3999,-8.04342,-34.952
4001,-8.04342,-34.952
4002,-8.04342,-34.952
4003,-8.04342,-34.952
4004,-8.04342,-34.952
4007,-8.04342,-34.952
4010,-8.04342,-34.952
4012,-8.04342,-34.952
4022,-8.04342,-34.952
4028,-8.04342,-34.952
4029,-8.04342,-34.952
4030,-8.04342,-34.952
4032,-8.04342,-34.952
4035,-8.04342,-34.952
4038,-8.04342,-34.952
4043,-8.04342,-34.952
4046,-8.04342,-34.952
4047,-8.04342,-34.952
4050,-8.04342,-34.952
4056,-8.04342,-34.952
4057,-8.04342,-34.952
4058,-8.04342,-34.952
4060,-8.04342,-34.952
4062,-8.04342,-34.952
4064,-8.04342,-34.952
4067,-8.04342,-34.952
4075,-8.04342,-34.952
4076,-8.04342,-34.952
4077,-8.04342,-34.952
4078,-8.04342,-34.952
4080,-8.04342,-34.952
4085,-8.04342,-34.952
4087,-8.04342,-34.952
4091,-8.04342,-34.952
4092,-8.04342,-34.952
4099,-8.04342,-34.952
4100,-8.04342,-34.952
4102,-8.04342,-34.952
4103,-8.04342,-34.952
4110,-8.04342,-34.952
4112,-8.04342,-34.952
4113,-8.04342,-34.952
4115,-8.04342,-34.952
4119,-8.04342,-34.952
4121,-8.04342,-34.952
4127,-8.04342,-34.952
4129,-8.04342,-34.952
4140,-8.04342,-34.952
4141,-8.04342,-34.952
4148,-8.04342,-34.952
4151,-8.04342,-34.952
4156,-8.04342,-34.952
4157,-8.04342,-34.952
4161,-8.04342,-34.952
4162,-8.04342,-34.952
4165,-8.04342,-34.952
4169,-8.04342,-34.952
4176,-8.04342,-34.952
4185,-8.04342,-34.952
4189,-8.04342,-34.952
4190,-8.04342,-34.952
4191,-8.04342,-34.952
4192,-8.04342,-34.952
4194,-8.04342,-34.952
4196,-8.04342,-34.952
4201,-8.04342,-34.952
4202,-8.04342,-34.952
4205,-8.04342,-34.952
4209,-8.04342,-34.952
4215,-8.04342,-34.952
4217,-8.04342,-34.952
4220,-8.04342,-34.952
4222,-8.04342,-34.952
4226,-8.04342,-34.952
4229,-8.04342,-34.952
4230,-8.04342,-34.952
4233,-8.04342,-34.952
4237,-8.04342,-34.952
4238,-8.04342,-34.952
4239,-8.04342,-34.952
4245,-8.04342,-34.952
4246,-8.04342,-34.952
4248,-8.04342,-34.952
4250,-8.04342,-34.952
4252,-8.04342,-34.952
4254,-8.04342,-34.952
4264,-8.04342,-34.952
4267,-8.04342,-34.952
4273,-8.04342,-34.952
4275,-8.04342,-34.952
4279,-8.04342,-34.952
4284,-8.04342,-34.952
4288,-8.04342,-34.952
4295,-8.04342,-34.952
4296,-8.04342,-34.952
4301,-8.04342,-34.952
4303,-8.04342,-34.952
4304,-8.04342,-34.952
4306,-8.04342,-34.952
4313,-8.04342,-34.952
4317,-8.04342,-34.952
4319,-8.04342,-34.952
4321,-8.04342,-34.952
4323,-8.04342,-34.952
4326,-8.04342,-34.952
4329,-8.04342,-34.952
4333,-8.04342,-34.952
4335,-8.04342,-34.952
4336,-8.04342,-34.952
4337,-8.04342,-34.952
4338,-8.04342,-34.952
4339,-8.04342,-34.952
4341,-8.04342,-34.952
4342,-8.04342,-34.952
4343,-8.04342,-34.952
4345,-8.04342,-34.952
4348,-8.04342,-34.952
4352,-8.04342,-34.952
4353,-8.04342,-34.952
4355,-8.04342,-34.952
4359,-8.04342,-34.952
4362,-8.04342,-34.952
4366,-8.04342,-34.952
4367,-8.04342,-34.952
4368,-8.04342,-34.952
4371,-8.04342,-34.952
4372,-8.04342,-34.952
4374,-8.04342,-34.952
4377,-8.04342,-34.952
4382,-8.04342,-34.952
4385,-8.04342,-34.952
4386,-8.04342,-34.952
4387,-8.04342,-34.952
4392,-8.04342,-34.952
4393,-8.04342,-34.952
4394,-8.04342,-34.952
4397,-8.04342,-34.952
4401,-8.04342,-34.952
4407,-8.04342,-34.952
4411,-8.04342,-34.952
4412,-8.04342,-34.952
4414,-8.04342,-34.952
4415,-8.04342,-34.952
4420,-8.04342,-34.952
4423,-8.04342,-34.952
4427,-8.04342,-34.952
4428,-8.04342,-34.952
4429,-8.04342,-34.952
4436,-8.04342,-34.952
4441,-8.04342,-34.952
4447,-8.04342,-34.952
4450,-8.04342,-34.952
4463,-8.04342,-34.952
4464,-8.04342,-34.952
4466,-8.04342,-34.952
4467,-8.04342,-34.952
4469,-8.04342,-34.952
4472,-8.04342,-34.952
4474,-8.04342,-34.952
4475,-8.04342,-34.952
4483,-8.04342,-34.952
4484,-8.04342,-34.952
4489,-8.04342,-34.952
4503,-8.04342,-34.952
4504,-8.04342,-34.952
4509,-8.04342,-34.952
4513,-8.04342,-34.952
4514,-8.04342,-34.952
4518,-8.04342,-34.952
4522,-8.04342,-34.952
4525,-8.04342,-34.952
4527,-8.04342,-34.952
4528,-8.04342,-34.952
4532,-8.04342,-34.952
4533,-8.04342,-34.952
4534,-8.04342,-34.952
4535,-8.04342,-34.952
4537,-8.04342,-34.952
4539,-8.04342,-34.952
4541,-8.04342,-34.952
4549,-8.04342,-34.952
4553,-8.04342,-34.952
4554,-8.04342,-34.952
4556,-8.04342,-34.952
4560,-8.04342,-34.952
4567,-8.04342,-34.952
4572,-8.04342,-34.952
4574,-8.04342,-34.952
4575,-8.04342,-34.952
4580,-8.04342,-34.952
4582,-8.04342,-34.952
4584,-8.04342,-34.952
4586,-8.04342,-34.952
4587,-8.04342,-34.952
4588,-8.04342,-34.952
4593,-8.04342,-34.952
4597,-8.04342,-34.952
4602,-8.04342,-34.952
4604,-8.04342,-34.952
4606,-8.04342,-34.952
4608,-8.04342,-34.952
4609,-8.04342,-34.952
4610,-8.04342,-34.952
4613,-8.04342,-34.952
4617,-8.04342,-34.952
4618,-8.04342,-34.952
4622,-8.04342,-34.952
4623,-8.04342,-34.952
4626,-8.04342,-34.952
4629,-8.04342,-34.952
4630,-8.04342,-34.952
4634,-8.04342,-34.952
4635,-8.04342,-34.952
4638,-8.04342,-34.952
4639,-8.04342,-34.952
4640,-8.04342,-34.952
4645,-8.04342,-34.952
4649,-8.04342,-34.952
4651,-8.04342,-34.952
4657,-8.04342,-34.952
4671,-8.04342,-34.952
4680,-8.04342,-34.952
4681,-8.04342,-34.952
4682,-8.04342,-34.952
4693,-8.04342,-34.952
4695,-8.04342,-34.952
4696,-8.04342,-34.952
4700,-8.04342,-34.952
4701,-8.04342,-34.952
4704,-8.04342,-34.952
4706,-8.04342,-34.952
4707,-8.04342,-34.952
4708,-8.04342,-34.952
4709,-8.04342,-34.952
4710,-8.04342,-34.952
4715,-8.04342,-34.952
4730,-8.04342,-34.952
4731,-8.04342,-34.952
4734,-8.04342,-34.952
4738,-8.04342,-34.952
4740,-8.04342,-34.952
4747,-8.04342,-34.952
4750,-8.04342,-34.952
4751,-8.04342,-34.952
4755,-8.04342,-34.952
4756,-8.04342,-34.952
4759,-8.04342,-34.952
4765,-8.04342,-34.952
4766,-8.04342,-34.952
4770,-8.04342,-34.952
4773,-8.04342,-34.952
4775,-8.04342,-34.952
4779,-8.04342,-34.952
4782,-8.04342,-34.952
4786,-8.04342,-34.952
4793,-8.04342,-34.952
4794,-8.04342,-34.952
4797,-8.04342,-34.952
4801,-8.04342,-34.952
4802,-8.04342,-34.952
4803,-8.04342,-34.952
4807,-8.04342,-34.952
4812,-8.04342,-34.952
4813,-8.04342,-34.952
4816,-8.04342,-34.952
4822,-8.04342,-34.952
4826,-8.04342,-34.952
4827,-8.04342,-34.952
4828,-8.04342,-34.952
4830,-8.04342,-34.952
4833,-8.04342,-34.952
4834,-8.04342,-34.952
4836,-8.04342,-34.952
4838,-8.04342,-34.952
4842,-8.04342,-34.952
4843,-8.04342,-34.952
4844,-8.04342,-34.952
4845,-8.04342,-34.952
4848,-8.04342,-34.952
4861,-8.04342,-34.952
4864,-8.04342,-34.952
4867,-8.04342,-34.952
4868,-8.04342,-34.952
4872,-8.04342,-34.952
4880,-8.04342,-34.952
4881,-8.04342,-34.952
4890,-8.04342,-34.952
4894,-8.04342,-34.952
4898,-8.04342,-34.952
4899,-8.04342,-34.952
4900,-8.04342,-34.952
4901,-8.04342,-34.952
4902,-8.04342,-34.952
4905,-8.04342,-34.952
4907,-8.04342,-34.952
4908,-8.04342,-34.952
4913,-8.04342,-34.952
4914,-8.04342,-34.952
4921,-8.04342,-34.952
4923,-8.04342,-34.952
4924,-8.04342,-34.952
4925,-8.04342,-34.952
4929,-8.04342,-34.952
4932,-8.04342,-34.952
4934,-8.04342,-34.952
4949,-8.04342,-34.952
4950,-8.04342,-34.952
4952,-8.04342,-34.952
4961,-8.04342,-34.952
4963,-8.04342,-34.952
4977,-8.04342,-34.952
4981,-8.04342,-34.952
4982,-8.04342,-34.952
4983,-8.04342,-34.952
4988,-8.04342,-34.952
4989,-8.04342,-34.952
4993,-8.04342,-34.952
4995,-8.04342,-34.952
4996,-8.04342,-34.952
5011,-8.04342,-34.952
5012,-8.04342,-34.952
5013,-8.04342,-34.952
5015,-8.04342,-34.952
5019,-8.04342,-34.952
5021,-8.04342,-34.952
5022,-8.04342,-34.952
5023,-8.04342,-34.952
5026,-8.04342,-34.952
5027,-8.04342,-34.952
5028,-8.04342,-34.952
5030,-8.04342,-34.952
5032,-8.04342,-34.952
5033,-8.04342,-34.952
5034,-8.04342,-34.952
5035,-8.04342,-34.952
5040,-8.04342,-34.952
5048,-8.04342,-34.952
5053,-8.04342,-34.952
5058,-8.04342,-34.952
5060,-8.04342,-34.952
5064,-8.04342,-34.952
5065,-8.04342,-34.952
5067,-8.04342,-34.952
5071,-8.04342,-34.952
5074,-8.04342,-34.952
5076,-8.04342,-34.952
5082,-8.04342,-34.952
5092,-8.04342,-34.952
5095,-8.04342,-34.952
5096,-8.04342,-34.952
5098,-8.04342,-34.952
5111,-8.04342,-34.952
5112,-8.04342,-34.952
5114,-8.04342,-34.952
5120,-8.04342,-34.952
5135,-8.04342,-34.952
5137,-8.04342,-34.952
5140,-8.04342,-34.952
5143,-8.04342,-34.952
5144,-8.04342,-34.952
5145,-8.04342,-34.952
5146,-8.04342,-34.952
5152,-8.04342,-34.952
5155,-8.04342,-34.952
5156,-8.04342,-34.952
5157,-8.04342,-34.952
5162,-8.04342,-34.952
5164,-8.04342,-34.952
5167,-8.04342,-34.952
5171,-8.04342,-34.952
5180,-8.04342,-34.952
5183,-8.04342,-34.952
5186,-8.04342,-34.952
5192,-8.04342,-34.952
5193,-8.04342,-34.952
5197,-8.04342,-34.952
5205,-8.04342,-34.952
5206,-8.04342,-34.952
5211,-8.04342,-34.952
5213,-8.04342,-34.952
5214,-8.04342,-34.952
5215,-8.04342,-34.952
5216,-8.04342,-34.952
5217,-8.04342,-34.952
5221,-8.04342,-34.952
5224,-8.04342,-34.952
5226,-8.04342,-34.952
5228,-8.04342,-34.952
5229,-8.04342,-34.952
5234,-8.04342,-34.952
5244,-8.04342,-34.952
5245,-8.04342,-34.952
5246,-8.04342,-34.952
5247,-8.04342,-34.952
5254,-8.04342,-34.952
5257,-8.04342,-34.952
5262,-8.04342,-34.952
5264,-8.04342,-34.952
5266,-8.04342,-34.952
5271,-8.04342,-34.952
5274,-8.04342,-34.952
5277,-8.04342,-34.952
5278,-8.04342,-34.952
5281,-8.04342,-34.952
5282,-8.04342,-34.952
5283,-8.04342,-34.952
5284,-8.04342,-34.952
5288,-8.04342,-34.952
5289,-8.04342,-34.952
5290,-8.04342,-34.952
5292,-8.04342,-34.952
5296,-8.04342,-34.952
5300,-8.04342,-34.952
5303,-8.04342,-34.952
5306,-8.04342,-34.952
5307,-8.04342,-34.952
5308,-8.04342,-34.952
5312,-8.04342,-34.952
5314,-8.04342,-34.952
5318,-8.04342,-34.952
5321,-8.04342,-34.952
5323,-8.04342,-34.952
5324,-8.04342,-34.952
5328,-8.04342,-34.952
5336,-8.04342,-34.952
5338,-8.04342,-34.952
5339,-8.04342,-34.952
5340,-8.04342,-34.952
5349,-8.04342,-34.952
5350,-8.04342,-34.952
5353,-8.04342,-34.952
5354,-8.04342,-34.952
5357,-8.04342,-34.952
5358,-8.04342,-34.952
5360,-8.04342,-34.952
5361,-8.04342,-34.952
5362,-8.04342,-34.952
5364,-8.04342,-34.952
5365,-8.04342,-34.952
5368,-8.04342,-34.952
5371,-8.04342,-34.952
5375,-8.04342,-34.952
5377,-8.04342,-34.952
5378,-8.04342,-34.952
5379,-8.04342,-34.952
5381,-8.04342,-34.952
5384,-8.04342,-34.952
5386,-8.04342,-34.952
5388,-8.04342,-34.952
5389,-8.04342,-34.952
5391,-8.04342,-34.952
5396,-8.04342,-34.952
5399,-8.04342,-34.952
5400,-8.04342,-34.952
5402,-8.04342,-34.952
5404,-8.04342,-34.952
5405,-8.04342,-34.952
5407,-8.04342,-34.952
5414,-8.04342,-34.952
5417,-8.04342,-34.952
5418,-8.04342,-34.952
5419,-8.04342,-34.952
5425,-8.04342,-34.952
5426,-8.04342,-34.952
5427,-8.04342,-34.952
5430,-8.04342,-34.952
5431,-8.04342,-34.952
5434,-8.04342,-34.952
5436,-8.04342,-34.952
5437,-8.04342,-34.952
5447,-8.04342,-34.952
5457,-8.04342,-34.952
5458,-8.04342,-34.952
5459,-8.04342,-34.952
5460,-8.04342,-34.952
5464,-8.04342,-34.952
5465,-8.04342,-34.952
5471,-8.04342,-34.952
5473,-8.04342,-34.952
5478,-8.04342,-34.952
5479,-8.04342,-34.952
5484,-8.04342,-34.952
5487,-8.04342,-34.952
5489,-8.04342,-34.952
5492,-8.04342,-34.952
5493,-8.04342,-34.952
5496,-8.04342,-34.952
5500,-8.04342,-34.952
5502,-8.04342,-34.952
5506,-8.04342,-34.952
5508,-8.04342,-34.952
5529,-8.04342,-34.952
5531,-8.04342,-34.952
5537,-8.04342,-34.952
5538,-8.04342,-34.952
5544,-8.04342,-34.952
5547,-8.04342,-34.952
5551,-8.04342,-34.952
5556,-8.04342,-34.952
5558,-8.04342,-34.952
5559,-8.04342,-34.952
5564,-8.04342,-34.952
5566,-8.04342,-34.952
5573,-8.04342,-34.952
5576,-8.04342,-34.952
5579,-8.04342,-34.952
5580,-8.04342,-34.952
5581,-8.04342,-34.952
5583,-8.04342,-34.952
5587,-8.04342,-34.952
5609,-8.04342,-34.952
5610,-8.04342,-34.952
5612,-8.04342,-34.952
5613,-8.04342,-34.952
5614,-8.04342,-34.952
5615,-8.04342,-34.952
5616,-8.04342,-34.952
5623,-8.04342,-34.952
5628,-8.04342,-34.952
5634,-8.04342,-34.952
5635,-8.04342,-34.952
5640,-8.04342,-34.952
5641,-8.04342,-34.952
5642,-8.04342,-34.952
5646,-8.04342,-34.952
5649,-8.04342,-34.952
5651,-8.04342,-34.952
5652,-8.04342,-34.952
5662,-8.04342,-34.952
5663,-8.04342,-34.952
5664,-8.04342,-34.952
5666,-8.04342,-34.952
5676,-8.04342,-34.952
5679,-8.04342,-34.952
5694,-8.04342,-34.952
5700,-8.04342,-34.952
5708,-8.04342,-34.952
5711,-8.04342,-34.952
5714,-8.04342,-34.952
5722,-8.04342,-34.952
5727,-8.04342,-34.952
5728,-8.04342,-34.952
5730,-8.04342,-34.952
5731,-8.04342,-34.952
5733,-8.04342,-34.952
5735,-8.04342,-34.952
5736,-8.04342,-34.952
5737,-8.04342,-34.952
5739,-8.04342,-34.952
5746,-8.04342,-34.952
5754,-8.04342,-34.952
5758,-8.04342,-34.952
5763,-8.04342,-34.952
5768,-8.04342,-34.952
5769,-8.04342,-34.952
5770,-8.04342,-34.952
5780,-8.04342,-34.952
5786,-8.04342,-34.952
5787,-8.04342,-34.952
5792,-8.04342,-34.952
5794,-8.04342,-34.952
5798,-8.04342,-34.952
5807,-8.04342,-34.952
5815,-8.04342,-34.952
5816,-8.04342,-34.952
5819,-8.04342,-34.952
5821,-8.04342,-34.952
5822,-8.04342,-34.952
5828,-8.04342,-34.952
5829,-8.04342,-34.952
5830,-8.04342,-34.952
5837,-8.04342,-34.952
5838,-8.04342,-34.952
5843,-8.04342,-34.952
5847,-8.05532,-34.9579
5848,-8.05532,-34.9579
5852,-8.05532,-34.9579
5853,-8.05532,-34.9579
5856,-8.05532,-34.9579
5857,-8.05532,-34.9579
5858,-8.05532,-34.9579
5862,-8.05532,-34.9579
5863,-8.05532,-34.9579
5866,-8.05532,-34.9579
5868,-8.05532,-34.9579
5872,-8.05532,-34.9579
5873,-8.05532,-34.9579
5874,-8.05532,-34.9579
5876,-8.05532,-34.9579
5884,-8.05532,-34.9579
5885,-8.05532,-34.9579
5894,-8.05532,-34.9579
5898,-8.05532,-34.9579
5899,-8.05532,-34.9579
5900,-8.05532,-34.9579
5903,-8.05532,-34.9579
5908,-8.05532,-34.9579
5912,-8.05532,-34.9579
5927,-8.05532,-34.9579
5930,-8.05532,-34.9579
5931,-8.05532,-34.9579
5933,-8.05532,-34.9579
5936,-8.05532,-34.9579
5937,-8.05532,-34.9579
5938,-8.05532,-34.9579
5939,-8.05532,-34.9579
5945,-8.05532,-34.9579
5952,-8.05532,-34.9579
5953,-8.05532,-34.9579
5957,-8.05532,-34.9579
5960,-8.05532,-34.9579
5961,-8.05532,-34.9579
5963,-8.05532,-34.9579
5965,-8.05532,-34.9579
5969,-8.05532,-34.9579
5972,-8.05532,-34.9579
5974,-8.05532,-34.9579
5979,-8.05532,-34.9579
5981,-8.05532,-34.9579
5982,-8.05532,-34.9579
5991,-8.05532,-34.9579
5992,-8.05532,-34.9579
5993,-8.05532,-34.9579
5994,-8.05532,-34.9579
5998,-8.05532,-34.9579
6004,-8.05532,-34.9579
6005,-8.05532,-34.9579
6008,-8.05532,-34.9579
6010,-8.05532,-34.9579
6014,-8.05532,-34.9579
6017,-8.05532,-34.9579
6025,-8.05532,-34.9579
6027,-8.05532,-34.9579
6029,-8.05532,-34.9579
6032,-8.05532,-34.9579
6033,-8.05532,-34.9579
6037,-8.05532,-34.9579
6039,-8.05532,-34.9579
6043,-8.05532,-34.9579
6051,-8.05532,-34.9579
6053,-8.05532,-34.9579
6054,-8.05532,-34.9579
6056,-8.05532,-34.9579
6061,-8.05532,-34.9579
6062,-8.05532,-34.9579
6064,-8.05532,-34.9579
6066,-8.05532,-34.9579
6072,-8.05532,-34.9579
6073,-8.05532,-34.9579
6076,-8.05532,-34.9579
6080,-8.05532,-34.9579
6085,-8.05532,-34.9579
6088,-8.05532,-34.9579
6100,-8.05532,-34.9579
6101,-8.05532,-34.9579
6108,-8.05532,-34.9579
6111,-8.05532,-34.9579
6113,-8.05532,-34.9579
6119,-8.05532,-34.9579
6123,-8.05532,-34.9579
6128,-8.05532,-34.9579
6134,-8.05532,-34.9579
6137,-8.05532,-34.9579
6146,-8.05532,-34.9579
6147,-8.05532,-34.9579
6148,-8.05532,-34.9579
6151,-8.05532,-34.9579
6153,-8.05532,-34.9579
6156,-8.05532,-34.9579
6160,-8.05532,-34.9579
6161,-8.05532,-34.9579
6169,-8.05532,-34.9579
6176,-8.05532,-34.9579
6178,-8.05532,-34.9579
6180,-8.05532,-34.9579
6182,-8.05532,-34.9579
6189,-8.05532,-34.9579
6192,-8.05532,-34.9579
6193,-8.05532,-34.9579
6194,-8.05532,-34.9579
6199,-8.05532,-34.9579
6202,-8.05532,-34.9579
6205,-8.05532,-34.9579
6211,-8.05532,-34.9579
6214,-8.05532,-34.9579
6215,-8.05532,-34.9579
6223,-8.05532,-34.9579
6231,-8.05532,-34.9579
6237,-8.05532,-34.9579
6239,-8.05532,-34.9579
6240,-8.05532,-34.9579
6244,-8.05532,-34.9579
6250,-8.05532,-34.9579
6258,-8.05532,-34.9579
6261,-8.05532,-34.9579
6263,-8.05532,-34.9579
6266,-8.05532,-34.9579
6275,-8.05532,-34.9579
6277,-8.05532,-34.9579
6289,-8.05532,-34.9579
6290,-8.05532,-34.9579
6291,-8.05532,-34.9579
6300,-8.05532,-34.9579
6301,-8.05532,-34.9579
6307,-8.05532,-34.9579
6309,-8.05532,-34.9579
6314,-8.05532,-34.9579
6321,-8.05532,-34.9579
6322,-8.05532,-34.9579
6323,-8.05532,-34.9579
6338,-8.05532,-34.9579
6343,-8.05532,-34.9579
6348,-8.05532,-34.9579
6351,-8.05532,-34.9579
6355,-8.05532,-34.9579
6358,-8.05532,-34.9579
6360,-8.05532,-34.9579
6363,-8.05532,-34.9579
6364,-8.05532,-34.9579
6365,-8.05532,-34.9579
6377,-8.05532,-34.9579
6378,-8.05532,-34.9579
6382,-8.05532,-34.9579
6383,-8.05532,-34.9579
6384,-8.05532,-34.9579
6389,-8.05532,-34.9579
6390,-8.05532,-34.9579
6391,-8.05532,-34.9579
6395,-8.05532,-34.9579
6398,-8.05532,-34.9579
6399,-8.05532,-34.9579
6400,-8.05532,-34.9579
6401,-8.05532,-34.9579
6407,-8.05532,-34.9579
6419,-8.05532,-34.9579
6423,-8.05532,-34.9579
6424,-8.05532,-34.9579
6425,-8.05532,-34.9579
6426,-8.05532,-34.9579
6427,-8.05532,-34.9579
6435,-8.05532,-34.9579
6436,-8.05532,-34.9579
6437,-8.05532,-34.9579
6440,-8.05532,-34.9579
6442,-8.05532,-34.9579
6451,-8.05532,-34.9579
6452,-8.05532,-34.9579
6458,-8.05532,-34.9579
6462,-8.05532,-34.9579
6463,-8.05532,-34.9579
6464,-8.05532,-34.9579
6465,-8.05532,-34.9579
6466,-8.05532,-34.9579
6472,-8.05532,-34.9579
6473,-8.05532,-34.9579
6474,-8.05532,-34.9579
6475,-8.05532,-34.9579
6495,-8.05532,-34.9579
6497,-8.05532,-34.9579
6498,-8.05532,-34.9579
6507,-8.05532,-34.9579
6508,-8.05532,-34.9579
6512,-8.05532,-34.9579
6515,-8.05532,-34.9579
6516,-8.05532,-34.9579
6517,-8.05532,-34.9579
6520,-8.05532,-34.9579
6523,-8.05532,-34.9579
6533,-8.05532,-34.9579
6535,-8.05532,-34.9579
6538,-8.05532,-34.9579
6539,-8.05532,-34.9579
6545,-8.05532,-34.9579
6550,-8.05532,-34.9579
6555,-8.05532,-34.9579
6559,-8.05532,-34.9579
6560,-8.05532,-34.9579
6561,-8.05532,-34.9579
6564,-8.05532,-34.9579
6567,-8.05532,-34.9579
6571,-8.05532,-34.9579
6580,-8.05532,-34.9579
6583,-8.05532,-34.9579
6584,-8.05532,-34.9579
6586,-8.05532,-34.9579
6589,-8.05532,-34.9579
6594,-8.05532,-34.9579
6597,-8.05532,-34.9579
6601,-8.05532,-34.9579
6611,-8.05532,-34.9579
6615,-8.05532,-34.9579
6618,-8.05532,-34.9579
6622,-8.05532,-34.9579
6623,-8.05532,-34.9579
6624,-8.05532,-34.9579
6625,-8.05532,-34.9579
6632,-8.05532,-34.9579
6646,-8.05532,-34.9579
6649,-8.05532,-34.9579
6650,-8.05532,-34.9579
6651,-8.05532,-34.9579
6653,-8.05532,-34.9579
6658,-8.05532,-34.9579
6660,-8.05532,-34.9579
6663,-8.05289,-34.944672
6664,-8.05532,-34.9579
6666,-8.05289,-34.944672
6669,-8.05532,-34.9579
6673,-8.05289,-34.944672
6676,-8.05532,-34.9579
6685,-8.05289,-34.944672
6687,-8.05289,-34.944672
6688,-8.05289,-34.944672
6689,-8.05289,-34.944672
6690,-8.05289,-34.944672
6691,-8.05289,-34.944672
6692,-8.05289,-34.944672
6693,-8.05289,-34.944672
6698,-8.05289,-34.944672
6703,-8.05289,-34.944672
6705,-8.05289,-34.944672
6708,-8.05289,-34.944672
6713,-8.05532,-34.9579
6715,-8.05289,-34.944672
6716,-8.05532,-34.9579
6718,-8.05532,-34.9579
6720,-8.05289,-34.944672
6723,-8.04342,-34.952
6727,-8.05532,-34.9579
6728,-8.05532,-34.9579
6729,-8.05532,-34.9579
6733,-8.05289,-34.944672
6734,-8.05289,-34.944672
6742,-8.05289,-34.944672
6743,-8.05289,-34.944672
6745,-8.05532,-34.9579
6746,-8.05532,-34.9579
6750,-8.05289,-34.944672
6754,-8.05289,-34.944672
6755,-8.05289,-34.944672
6757,-8.05289,-34.944672
6758,-8.05289,-34.944672
6763,-8.04342,-34.952
6769,-8.05289,-34.944672
6771,-8.05289,-34.944672
6773,-8.05289,-34.944672
6774,-8.04342,-34.952
6775,-8.04342,-34.952
6779,-8.04342,-34.952
6784,-8.04342,-34.952
6789,-8.04342,-34.952
6792,-8.05289,-34.944672
6796,-8.05289,-34.944672
6811,-8.05532,-34.9579
6814,-8.05532,-34.9579
6820,-8.05532,-34.9579
6822,-8.05532,-34.9579
6827,-8.05289,-34.944672
6829,-8.04342,-34.952
6835,-8.05289,-34.944672
6842,-8.05532,-34.9579
6849,-8.04342,-34.952
6851,-8.05532,-34.9579
6854,-8.05289,-34.944672
6855,-8.05532,-34.9579
6856,-8.05532,-34.9579
6857,-8.05289,-34.944672
6860,-8.05289,-34.944672
6861,-8.05532,-34.9579
6862,-8.05289,-34.944672
6864,-8.05532,-34.9579
6865,-8.05289,-34.944672
6866,-8.04342,-34.952
6871,-8.05532,-34.9579
6872,-8.05532,-34.9579
6880,-8.05532,-34.9579
6883,-8.05289,-34.944672
6884,-8.05532,-34.9579
6888,-8.05289,-34.944672
6890,-8.04342,-34.952
6896,-8.04342,-34.952
6899,-8.05289,-34.944672
6908,-8.04342,-34.952
6909,-8.04342,-34.952
6912,-8.04342,-34.952
6913,-8.04342,-34.952
6916,-8.04342,-34.952
6922,-8.04342,-34.952
6923,-8.04342,-34.952
6927,-8.04342,-34.952
6929,-8.04342,-34.952
6932,-8.04342,-34.952
6934,-8.05532,-34.9579
6935,-8.04342,-34.952
6940,-8.04342,-34.952
6950,-8.04342,-34.952
6953,-8.04342,-34.952
6954,-8.04342,-34.952
6955,-8.04342,-34.952
6957,-8.05532,-34.9579
6962,-8.04342,-34.952
6963,-8.05289,-34.944672
6964,-8.04342,-34.952
6967,-8.04342,-34.952
6969,-8.04342,-34.952
6975,-8.04342,-34.952
6977,-8.04342,-34.952
6978,-8.04342,-34.952
6983,-8.05532,-34.9579
6992,-8.05532,-34.9579
6994,-8.04342,-34.952
7007,-8.04342,-34.952
7008,-8.05289,-34.944672
7016,-8.05289,-34.944672
7017,-8.05289,-34.944672
7019,-8.04342,-34.952
7020,-8.05289,-34.944672
7021,-8.04342,-34.952
7024,-8.05289,-34.944672
7038,-8.05289,-34.944672
7039,-8.05289,-34.944672
7040,-8.05289,-34.944672
7044,-8.05289,-34.944672
7046,-8.05289,-34.944672
7047,-8.05289,-34.944672
7048,-8.05289,-34.944672
7049,-8.05532,-34.9579
7050,-8.05532,-34.9579
7051,-8.04342,-34.952
7058,-8.04342,-34.952
7063,-8.04342,-34.952
7068,-8.04342,-34.952
7072,-8.04342,-34.952
7074,-8.05532,-34.9579
7075,-8.04342,-34.952
7078,-8.04342,-34.952
7081,-8.04342,-34.952
7082,-8.04342,-34.952
7087,-8.04342,-34.952
7089,-8.04342,-34.952
7091,-8.04342,-34.952
7092,-8.04342,-34.952
7093,-8.05289,-34.944672
7094,-8.05532,-34.9579
7095,-8.05289,-34.944672
7104,-8.05289,-34.944672
7107,-8.04342,-34.952
7109,-8.05289,-34.944672
7116,-8.04342,-34.952
7118,-8.04342,-34.952
7120,-8.04342,-34.952
7122,-8.05289,-34.944672
7131,-8.05532,-34.9579
7134,-8.04342,-34.952
7135,-8.05289,-34.944672
7136,-8.05289,-34.944672
7144,-8.05289,-34.944672
7146,-8.04342,-34.952
7149,-8.05289,-34.944672
7150,-8.05289,-34.944672
7152,-8.05532,-34.9579
7153,-8.04342,-34.952
7162,-8.05289,-34.944672
7171,-8.05289,-34.944672
7172,-8.05289,-34.944672
7178,-8.04342,-34.952
7182,-8.04342,-34.952
7185,-8.05532,-34.9579
7191,-8.05532,-34.9579
7199,-8.04342,-34.952
7201,-8.04342,-34.952
7204,-8.04342,-34.952
7205,-8.04342,-34.952
7210,-8.04342,-34.952
7211,-8.05532,-34.9579
7223,-8.04342,-34.952
7228,-8.04342,-34.952
7233,-8.04342,-34.952
7234,-8.05289,-34.944672
7238,-8.05532,-34.9579
7249,-8.04342,-34.952
7250,-8.04342,-34.952
7252,-8.05532,-34.9579
7254,-8.05532,-34.9579
7262,-8.05532,-34.9579
7263,-8.04342,-34.952
7267,-8.05532,-34.9579
7269,-8.04342,-34.952
7275,-8.05532,-34.9579
7279,-8.05532,-34.9579
7282,-8.04342,-34.952
7283,-8.05532,-34.9579
7290,-8.04342,-34.952
7293,-8.05532,-34.9579
7299,-8.05532,-34.9579
7301,-8.05532,-34.9579
7304,-8.05532,-34.9579
7305,-8.05532,-34.9579
7307,-8.05532,-34.9579
7310,-8.05532,-34.9579
7313,-8.05289,-34.944672
7322,-8.04342,-34.952
7323,-8.05532,-34.9579
7325,-8.05532,-34.9579
7333,-8.04342,-34.952
7335,-8.04342,-34.952
7346,-8.05532,-34.9579
7348,-8.05532,-34.9579
7359,-8.05532,-34.9579
7363,-8.05532,-34.9579
7365,-8.05532,-34.9579
7375,-8.04342,-34.952
7378,-8.05532,-34.9579
7381,-8.05532,-34.9579
7382,-8.05289,-34.944672
7384,-8.04342,-34.952
7387,-8.05289,-34.944672
7391,-8.05289,-34.944672
7395,-8.04342,-34.952
7399,-8.05289,-34.944672
7402,-8.05532,-34.9579
7407,-8.04342,-34.952
7413,-8.05289,-34.944672
7415,-8.04342,-34.952
7417,-8.05289,-34.944672
7423,-8.05289,-34.944672
7425,-8.05532,-34.9579
7428,-8.04342,-34.952
7434,-8.04342,-34.952
7435,-8.05289,-34.944672
7441,-8.04342,-34.952
7442,-8.04342,-34.952
7444,-8.04342,-34.952
7453,-8.05532,-34.9579
7463,-8.05289,-34.944672
7465,-8.05532,-34.9579
7466,-8.05289,-34.944672
7468,-8.05289,-34.944672
7487,-8.05289,-34.944672
7488,-8.04342,-34.952
7498,-8.05289,-34.944672
7499,-8.05289,-34.944672
7501,-8.04342,-34.952
7505,-8.05289,-34.944672
7507,-8.05289,-34.944672
7510,-8.05289,-34.944672
7515,-8.05289,-34.944672
7516,-8.04342,-34.952
7517,-8.05532,-34.9579
7521,-8.05532,-34.9579
7523,-8.05289,-34.944672
7524,-8.05289,-34.944672
7530,-8.04342,-34.952
7531,-8.05289,-34.944672
7532,-8.05289,-34.944672
7535,-8.05289,-34.944672
7542,-8.05289,-34.944672
7544,-8.05289,-34.944672
7552,-8.04342,-34.952
7557,-8.05289,-34.944672
7567,-8.05289,-34.944672
7568,-8.05289,-34.944672
7569,-8.05532,-34.9579
7580,-8.05289,-34.944672
7583,-8.04342,-34.952
7584,-8.05289,-34.944672
7588,-8.05289,-34.944672
7589,-8.05532,-34.9579
7591,-8.05289,-34.944672
7598,-8.05289,-34.944672
7600,-8.05289,-34.944672
7603,-8.05532,-34.9579
7606,-8.05532,-34.9579
7607,-8.05289,-34.944672
7608,-8.05532,-34.9579
7609,-8.05289,-34.944672
7615,-8.05532,-34.9579
7618,-8.05532,-34.9579
7619,-8.05532,-34.9579
7620,-8.05532,-34.9579
7628,-8.05532,-34.9579
7632,-8.05532,-34.9579
7635,-8.05289,-34.944672
7637,-8.05532,-34.9579
7639,-8.05289,-34.944672
7645,-8.05289,-34.944672
7647,-8.05289,-34.944672
7649,-8.05532,-34.9579
7650,-8.05532,-34.9579
7655,-8.05289,-34.944672
7656,-8.05532,-34.9579
7658,-8.05532,-34.9579
7660,-8.05532,-34.9579
7663,-8.05532,-34.9579
7665,-8.05289,-34.944672
7671,-8.05532,-34.9579
7675,-8.04342,-34.952
7680,-8.05532,-34.9579
7681,-8.05289,-34.944672
7682,-8.05532,-34.9579
7690,-8.05532,-34.9579
7692,-8.05532,-34.9579
7695,-8.05532,-34.9579
7700,-8.05532,-34.9579
7702,-8.05532,-34.9579
7706,-8.05532,-34.9579
7708,-8.05532,-34.9579
7710,-8.04342,-34.952
7717,-8.05532,-34.9579
7722,-8.05532,-34.9579
7724,-8.05289,-34.944672
7726,-8.05532,-34.9579
7731,-8.04342,-34.952
7732,-8.05532,-34.9579
7745,-8.05532,-34.9579
7747,-8.05532,-34.9579
7748,-8.05532,-34.9579
7749,-8.05532,-34.9579
7751,-8.05532,-34.9579
7754,-8.05289,-34.944672
7755,-8.05532,-34.9579
7756,-8.05532,-34.9579
7758,-8.05532,-34.9579
7762,-8.05289,-34.944672
7764,-8.05532,-34.9579
7768,-8.05289,-34.944672
7770,-8.05532,-34.9579
7772,-8.05532,-34.9579
7774,-8.05289,-34.944672
7778,-8.05289,-34.944672
7780,-8.05289,-34.944672
7791,-8.05289,-34.944672
7792,-8.05532,-34.9579
7793,-8.05289,-34.944672
7796,-8.05532,-34.9579
7797,-8.05289,-34.944672
7798,-8.05289,-34.944672
7799,-8.05289,-34.944672
7800,-8.05532,-34.9579
7807,-8.05532,-34.9579
7814,-8.05289,-34.944672
7819,-8.05289,-34.944672
7821,-8.05289,-34.944672
7823,-8.05289,-34.944672
7824,-8.05289,-34.944672
7826,-8.05532,-34.9579
7828,-8.05289,-34.944672
7829,-8.05289,-34.944672
7838,-8.05289,-34.944672
7853,-8.05289,-34.944672
7859,-8.05532,-34.9579
7864,-8.05289,-34.944672
7868,-8.05289,-34.944672
7871,-8.05532,-34.9579
7874,-8.05532,-34.9579
7875,-8.05532,-34.9579
7876,-8.05532,-34.9579
7877,-8.05532,-34.9579
7881,-8.05289,-34.944672
7882,-8.05532,-34.9579
7884,-8.05289,-34.944672
7889,-8.05532,-34.9579
7893,-8.05532,-34.9579
7894,-8.05289,-34.944672
7897,-8.05532,-34.9579
7898,-8.05532,-34.9579
7899,-8.05532,-34.9579
7903,-8.05289,-34.944672
7909,-8.05532,-34.9579
7913,-8.05532,-34.9579
7918,-8.05289,-34.944672
7919,-8.05289,-34.944672
7921,-8.05532,-34.9579
7924,-8.05289,-34.944672
7925,-8.05289,-34.944672
7927,-8.05532,-34.9579
7928,-8.05289,-34.944672
7936,-8.05532,-34.9579
7938,-8.05532,-34.9579
7947,-8.05289,-34.944672
7948,-8.05532,-34.9579
7951,-8.05532,-34.9579
7954,-8.05532,-34.9579
7955,-8.05289,-34.944672
7957,-8.05532,-34.9579
7958,-8.05532,-34.9579
7959,-8.05532,-34.9579
7963,-8.05532,-34.9579
7964,-8.05532,-34.9579
7965,-8.05532,-34.9579
7969,-8.05532,-34.9579
7972,-8.05532,-34.9579
7981,-8.05532,-34.9579
7986,-8.05532,-34.9579
7988,-8.05532,-34.9579
8000,-8.05532,-34.9579
8001,-8.05532,-34.9579
8011,-8.05532,-34.9579
8026,-8.05532,-34.9579
8027,-8.05532,-34.9579
8028,-8.05532,-34.9579
8029,-8.05532,-34.9579
8039,-8.05532,-34.9579
8046,-8.05289,-34.944672
8047,-8.05532,-34.9579
8051,-8.05532,-34.9579
8059,-8.05532,-34.9579
8061,-8.05532,-34.9579
8066,-8.04342,-34.952
8067,-8.05532,-34.9579
8068,-8.05532,-34.9579
8069,-8.05532,-34.9579
8077,-8.04342,-34.952
8080,-8.05532,-34.9579
8085,-8.05289,-34.944672
8097,-8.05289,-34.944672
8105,-8.05532,-34.9579
8106,-8.05532,-34.9579
8107,-8.05532,-34.9579
8108,-8.05289,-34.944672
8109,-8.05289,-34.944672
8111,-8.05532,-34.9579
8121,-8.05532,-34.9579
8123,-8.05532,-34.9579
8124,-8.05289,-34.944672
8125,-8.05532,-34.9579
8127,-8.05532,-34.9579
8129,-8.05532,-34.9579
8131,-8.05532,-34.9579
8137,-8.05532,-34.9579
8138,-8.05532,-34.9579
8142,-8.05532,-34.9579
8143,-8.05532,-34.9579
8146,-8.05532,-34.9579
8148,-8.05532,-34.9579
8153,-8.05532,-34.9579
8157,-8.05289,-34.944672
8158,-8.04342,-34.952
8159,-8.05532,-34.9579
8160,-8.05289,-34.944672
8168,-8.05532,-34.9579
8170,-8.05532,-34.9579
8171,-8.05532,-34.9579
8180,-8.05532,-34.9579
8183,-8.04342,-34.952
8185,-8.05532,-34.9579
8186,-8.05532,-34.9579
8187,-8.05532,-34.9579
8188,-8.05532,-34.9579
8193,-8.05532,-34.9579
8196,-8.05289,-34.944672
8198,-8.05532,-34.9579
8200,-8.05532,-34.9579
8201,-8.05532,-34.9579
8203,-8.04342,-34.952
8205,-8.05532,-34.9579
8209,-8.04342,-34.952
8210,-8.05532,-34.9579
8214,-8.05532,-34.9579
8215,-8.05532,-34.9579
8219,-8.05532,-34.9579
8221,-8.05532,-34.9579
8222,-8.05532,-34.9579
8233,-8.05289,-34.944672
8236,-8.05532,-34.9579
8240,-8.05532,-34.9579
8244,-8.05289,-34.944672
8247,-8.05532,-34.9579
8248,-8.05532,-34.9579
8250,-8.05532,-34.9579
8254,-8.05532,-34.9579
8257,-8.05532,-34.9579
8259,-8.05532,-34.9579
8263,-8.05532,-34.9579
8268,-8.05532,-34.9579
8270,-8.05532,-34.9579
8272,-8.05532,-34.9579
8274,-8.05289,-34.944672
8275,-8.05532,-34.9579
8277,-8.05532,-34.9579
8281,-8.05532,-34.9579
8287,-8.05532,-34.9579
8289,-8.05532,-34.9579
8292,-8.05532,-34.9579
8294,-8.05289,-34.944672
8299,-8.05532,-34.9579
8300,-8.05532,-34.9579
8302,-8.05532,-34.9579
8316,-8.05532,-34.9579
8317,-8.05532,-34.9579
8318,-8.05289,-34.944672
8323,-8.05532,-34.9579
8324,-8.05532,-34.9579
8325,-8.05532,-34.9579
8330,-8.04342,-34.952
8332,-8.05532,-34.9579
8333,-8.05532,-34.9579
8334,-8.05532,-34.9579
8336,-8.05289,-34.944672
8344,-8.05532,-34.9579
8346,-8.05532,-34.9579
8347,-8.05532,-34.9579
8354,-8.05532,-34.9579
8362,-8.05532,-34.9579
8365,-8.05289,-34.944672
8368,-8.05532,-34.9579
8370,-8.05532,-34.9579
8373,-8.05532,-34.9579
8375,-8.05532,-34.9579
8377,-8.05532,-34.9579
8381,-8.05532,-34.9579
8382,-8.05532,-34.9579
8383,-8.05532,-34.9579
8384,-8.05289,-34.944672
8386,-8.05532,-34.9579
8388,-8.05532,-34.9579
8394,-8.05532,-34.9579
8396,-8.05289,-34.944672
8398,-8.05532,-34.9579
8399,-8.05532,-34.9579
8401,-8.05532,-34.9579
8403,-8.04342,-34.952
8405,-8.05532,-34.9579
8408,-8.05532,-34.9579
8412,-8.05532,-34.9579
8414,-8.05289,-34.944672
8417,-8.05532,-34.9579
8418,-8.05532,-34.9579
8419,-8.05532,-34.9579
8420,-8.05289,-34.944672
8421,-8.05289,-34.944672
8422,-8.05289,-34.944672
8424,-8.05289,-34.944672
8426,-8.05289,-34.944672
8438,-8.05532,-34.9579
8447,-8.04342,-34.952
8450,-8.05532,-34.9579
8452,-8.05532,-34.9579
8463,-8.05532,-34.9579
8465,-8.05532,-34.9579
8475,-8.05532,-34.9579
8478,-8.05532,-34.9579
8481,-8.05532,-34.9579
8485,-8.05532,-34.9579
8487,-8.05532,-34.9579
8490,-8.05289,-34.944672
8493,-8.05532,-34.9579
8496,-8.05289,-34.944672
8499,-8.05532,-34.9579
8503,-8.04342,-34.952
8504,-8.05532,-34.9579
8505,-8.05532,-34.9579
8511,-8.05532,-34.9579
8515,-8.05532,-34.9579
8516,-8.04342,-34.952
8520,-8.05532,-34.9579
8522,-8.05532,-34.9579
8525,-8.05532,-34.9579
8526,-8.05289,-34.944672
8530,-8.05532,-34.9579
8532,-8.05289,-34.944672
8534,-8.04342,-34.952
8536,-8.05532,-34.9579
8538,-8.05289,-34.944672
8541,-8.05532,-34.9579
8546,-8.04342,-34.952
8547,-8.05289,-34.944672
8548,-8.05289,-34.944672
8553,-8.05532,-34.9579
8557,-8.05289,-34.944672
8559,-8.05532,-34.9579
8560,-8.05532,-34.9579
8566,-8.05532,-34.9579
8568,-8.05532,-34.9579
8570,-8.05532,-34.9579
8587,-8.04342,-34.952
8590,-8.05532,-34.9579
8592,-8.05289,-34.944672
8603,-8.05532,-34.9579
8604,-8.05532,-34.9579
8606,-8.05532,-34.9579
8614,-8.05532,-34.9579
8618,-8.05532,-34.9579
8620,-8.04342,-34.952
8627,-8.05532,-34.9579
8628,-8.05532,-34.9579
8629,-8.05532,-34.9579
8630,-8.05532,-34.9579
8631,-8.05532,-34.9579
8640,-8.05532,-34.9579
8641,-8.05289,-34.944672
8653,-8.05532,-34.9579
8655,-8.05289,-34.944672
8658,-8.05532,-34.9579
8660,-8.05289,-34.944672
8664,-8.05532,-34.9579
8665,-8.05532,-34.9579
8673,-8.05532,-34.9579
8674,-8.05532,-34.9579
8678,-8.05532,-34.9579
8689,-8.05532,-34.9579
8690,-8.05532,-34.9579
8692,-8.05532,-34.9579
8698,-8.05289,-34.944672
8699,-8.05289,-34.944672
8700,-8.05289,-34.944672
8704,-8.05289,-34.944672
8706,-8.05289,-34.944672
8709,-8.05532,-34.9579
8718,-8.05289,-34.944672
8722,-8.05532,-34.9579
8725,-8.05532,-34.9579
8731,-8.05532,-34.9579
8732,-8.05532,-34.9579
8736,-8.05532,-34.9579
8744,-8.05532,-34.9579
8745,-8.05289,-34.944672
8748,-8.05289,-34.944672
8753,-8.05532,-34.9579
8758,-8.05532,-34.9579
8759,-8.05532,-34.9579
8760,-8.05532,-34.9579
8768,-8.05532,-34.9579
8771,-8.05289,-34.944672
8772,-8.05289,-34.944672
8774,-8.05532,-34.9579
8793,-8.05532,-34.9579
8794,-8.05532,-34.9579
8796,-8.05289,-34.944672
8798,-8.05289,-34.944672
8801,-8.05289,-34.944672
8804,-8.05289,-34.944672
8805,-8.05289,-34.944672
8806,-8.05532,-34.9579
8817,-8.04342,-34.952
8820,-8.05532,-34.9579
8831,-8.05289,-34.944672
8833,-8.05532,-34.9579
8834,-8.05532,-34.9579
8835,-8.05532,-34.9579
8845,-8.05532,-34.9579
8846,-8.05289,-34.944672
8848,-8.05289,-34.944672
8851,-8.05532,-34.9579
8854,-8.04342,-34.952
8861,-8.04342,-34.952
8863,-8.05532,-34.9579
8864,-8.04342,-34.952
8872,-8.05532,-34.9579
8873,-8.05532,-34.9579
8876,-8.05532,-34.9579
8877,-8.05289,-34.944672
8878,-8.05532,-34.9579
8880,-8.05532,-34.9579
8882,-8.05532,-34.9579
8883,-8.05532,-34.9579
8888,-8.05532,-34.9579
8890,-8.05532,-34.9579
8891,-8.04342,-34.952
8893,-8.05532,-34.9579
8899,-8.05532,-34.9579
8903,-8.05532,-34.9579
8904,-8.05532,-34.9579
8907,-8.05532,-34.9579
8909,-8.05532,-34.9579
8910,-8.05532,-34.9579
8912,-8.05289,-34.944672
8915,-8.04342,-34.952
8917,-8.05532,-34.9579
8919,-8.04342,-34.952
8933,-8.05532,-34.9579
8935,-8.05532,-34.9579
8936,-8.05532,-34.9579
8938,-8.05532,-34.9579
8939,-8.05289,-34.944672
8943,-8.05532,-34.9579
8950,-8.05532,-34.9579
8951,-8.05532,-34.9579
8956,-8.05289,-34.944672
8961,-8.05289,-34.944672
8968,-8.05532,-34.9579
8973,-8.05532,-34.9579
8974,-8.05532,-34.9579
8977,-8.05532,-34.9579
8984,-8.05532,-34.9579
8986,-8.05532,-34.9579
8990,-8.04342,-34.952
8992,-8.05532,-34.9579
9003,-8.05532,-34.9579
9004,-8.05532,-34.9579
9012,-8.05532,-34.9579
9017,-8.05532,-34.9579
9018,-8.05532,-34.9579
9027,-8.05532,-34.9579
9030,-8.05532,-34.9579
9034,-8.04342,-34.952
9037,-8.05532,-34.9579
9038,-8.05532,-34.9579
9039,-8.04342,-34.952
9040,-8.05532,-34.9579
9043,-8.05532,-34.9579
9046,-8.05532,-34.9579
9055,-8.05532,-34.9579
9058,-8.04342,-34.952
9061,-8.04342,-34.952
9068,-8.05532,-34.9579
9071,-8.05532,-34.9579
9081,-8.05532,-34.9579
9082,-8.05532,-34.9579
9090,-8.05532,-34.9579
9097,-8.05532,-34.9579
9099,-8.05532,-34.9579
9100,-8.04342,-34.952
9101,-8.05532,-34.9579
9105,-8.05532,-34.9579
9108,-8.05532,-34.9579
9109,-8.05532,-34.9579
9111,-8.05532,-34.9579
9113,-8.05532,-34.9579
9118,-8.05532,-34.9579
9121,-8.05532,-34.9579
9127,-8.05532,-34.9579
9129,-8.05532,-34.9579
9134,-8.05532,-34.9579
9142,-8.05532,-34.9579
9144,-8.05532,-34.9579
9148,-8.05532,-34.9579
9157,-8.05532,-34.9579
9162,-8.04342,-34.952
9164,-8.05532,-34.9579
9170,-8.05532,-34.9579
9171,-8.05532,-34.9579
9172,-8.05532,-34.9579
9173,-8.05532,-34.9579
9184,-8.05532,-34.9579
9185,-8.05532,-34.9579
9189,-8.05532,-34.9579
9190,-8.05532,-34.9579
9194,-8.05532,-34.9579
9199,-8.05532,-34.9579
9205,-8.05532,-34.9579
9211,-8.05532,-34.9579
9214,-8.05532,-34.9579
9218,-8.05532,-34.9579
9220,-8.05532,-34.9579
9222,-8.05532,-34.9579
9223,-8.04342,-34.952
9224,-8.05532,-34.9579
9229,-8.05532,-34.9579
9230,-8.05532,-34.9579
9231,-8.05532,-34.9579
9232,-8.05532,-34.9579
9235,-8.05532,-34.9579
9241,-8.05532,-34.9579
9243,-8.05532,-34.9579
9245,-8.05532,-34.9579
9249,-8.05532,-34.9579
9251,-8.05532,-34.9579
9252,-8.05532,-34.9579
9258,-8.05532,-34.9579
9264,-8.05532,-34.9579
9266,-8.05532,-34.9579
9267,-8.05532,-34.9579
9270,-8.05532,-34.9579
9273,-8.04342,-34.952
9275,-8.05532,-34.9579
9281,-8.05532,-34.9579
9290,-8.05532,-34.9579
9292,-8.05532,-34.9579
9296,-8.05532,-34.9579
9299,-8.05532,-34.9579
9302,-8.05532,-34.9579
9307,-8.05532,-34.9579
9311,-8.05532,-34.9579
9312,-8.05532,-34.9579
9313,-8.05532,-34.9579
9315,-8.05532,-34.9579
9319,-8.05532,-34.9579
9320,-8.05532,-34.9579
9321,-8.05532,-34.9579
9324,-8.05532,-34.9579
9327,-8.05532,-34.9579
9328,-8.05532,-34.9579
9329,-8.05532,-34.9579
9330,-8.05532,-34.9579
9334,-8.04342,-34.952
9336,-8.05532,-34.9579
9341,-8.05532,-34.9579
9346,-8.05532,-34.9579
9348,-8.05532,-34.9579
9354,-8.05532,-34.9579
9362,-8.05532,-34.9579
9365,-8.05532,-34.9579
9371,-8.05532,-34.9579
9372,-8.04342,-34.952
9374,-8.05532,-34.9579
9375,-8.05532,-34.9579
9376,-8.05532,-34.9579
9379,-8.05532,-34.9579
9380,-8.05532,-34.9579
9384,-8.05532,-34.9579
9387,-8.05532,-34.9579
9390,-8.04342,-34.952
9391,-8.05532,-34.9579
9392,-8.05532,-34.9579
9393,-8.05532,-34.9579
9394,-8.05532,-34.9579
9395,-8.05532,-34.9579
9396,-8.05532,-34.9579
9402,-8.05532,-34.9579
9409,-8.05532,-34.9579
9414,-8.05532,-34.9579
9419,-8.05532,-34.9579
9421,-8.05532,-34.9579
9422,-8.05532,-34.9579
9423,-8.05289,-34.944672
9429,-8.05532,-34.9579
9433,-8.05532,-34.9579
9434,-8.05532,-34.9579
9440,-8.05532,-34.9579
9441,-8.05532,-34.9579
9448,-8.04342,-34.952
9450,-8.05532,-34.9579
9452,-8.05532,-34.9579
9453,-8.05532,-34.9579
9454,-8.05532,-34.9579
9455,-8.05532,-34.9579
9459,-8.05532,-34.9579
9469,-8.05532,-34.9579
9470,-8.05532,-34.9579
9471,-8.05532,-34.9579
9472,-8.05532,-34.9579
9477,-8.05289,-34.944672
9481,-8.05289,-34.944672
9484,-8.05532,-34.9579
9485,-8.05532,-34.9579
9491,-8.05532,-34.9579
9492,-8.05532,-34.9579
9493,-8.05532,-34.9579
9494,-8.05532,-34.9579
9499,-8.05532,-34.9579
9504,-8.05289,-34.944672
9513,-8.05532,-34.9579
9514,-8.05289,-34.944672
9518,-8.05289,-34.944672
9519,-8.05532,-34.9579
9520,-8.05532,-34.9579
9521,-8.05532,-34.9579
9536,-8.05532,-34.9579
9540,-8.05532,-34.9579
9542,-8.05532,-34.9579
9543,-8.05532,-34.9579
9545,-8.05532,-34.9579
9549,-8.05532,-34.9579
9552,-8.05532,-34.9579
9553,-8.05532,-34.9579
9556,-8.05532,-34.9579
9558,-8.05532,-34.9579
9562,-8.05532,-34.9579
9564,-8.05532,-34.9579
9566,-8.05532,-34.9579
9568,-8.05532,-34.9579
9571,-8.05532,-34.9579
9575,-8.05532,-34.9579
9582,-8.05532,-34.9579
9587,-8.04342,-34.952
9590,-8.05532,-34.9579
9591,-8.05532,-34.9579
9594,-8.05532,-34.9579
9601,-8.05532,-34.9579
9602,-8.05532,-34.9579
9603,-8.05532,-34.9579
9604,-8.05289,-34.944672
9605,-8.05289,-34.944672
9609,-8.05289,-34.944672
9613,-8.05532,-34.9579
9614,-8.05532,-34.9579
9615,-8.05532,-34.9579
9616,-8.05532,-34.9579
9621,-8.05289,-34.944672
9622,-8.05289,-34.944672
9627,-8.05289,-34.944672
9633,-8.05532,-34.9579
9635,-8.05289,-34.944672
9637,-8.05289,-34.944672
9638,-8.05289,-34.944672
9640,-8.05532,-34.9579
9641,-8.05532,-34.9579
9643,-8.05289,-34.944672
9644,-8.05532,-34.9579
9645,-8.05532,-34.9579
9651,-8.05532,-34.9579
9653,-8.05532,-34.9579
9664,-8.05532,-34.9579
9668,-8.05532,-34.9579
9672,-8.05532,-34.9579
9674,-8.05532,-34.9579
9675,-8.05532,-34.9579
9677,-8.05532,-34.9579
9678,-8.05532,-34.9579
